Тест 1
Если хотите ввести свои данные, напишите "1", иначе будет запущен базовый пример
1
Введите "1", если вводите ориентированный граф, а иначе что-то другое
2
Вводите информацию о ребрах как 3 целых числа без пробелов:  вершина1 вершина2 вес ребра
Когда закончите вводить ребра, напишите 0
0
Введите хотя бы одно ребро:
1 2 25
1 ыывц
Ошибка ввода, введите строку заново
1 3 56
2 3 9
0
Введите начальное состояние для3вершин, перечисляя целые значения вершин без запятых через пробел
15 73 27
Введите количество итераций:
2


Запуск модели DeGroot
Состояния все вершин и их среднее на каждой итерации:
Начальное состояние
15 73 27 
среднее значение: 38.33

Итерация 1
41.2 18.18 23.03 
среднее значение: 27.47

Итерация 2
21.53 36.39 38.01 
среднее значение: 31.98

---------------------------------------------

Тест 2
Если хотите ввести свои данные, напишите "1", иначе будет запущен базовый пример
1
Введите "1", если вводите ориентированный граф, а иначе что-то другое
2
Вводите информацию о ребрах как 3 целых числа без пробелов:  вершина1 вершина2 вес ребра
Когда закончите вводить ребра, напишите 0
1 2 83
1 3 21
1 4 51
1 5 84
ыыыыы
Ошибка ввода, введите строку заново
1 6 44
1 7 17
1 8 16
1 9 22
1 10 62
1 11 47
1 12 4
1 13 59
1 14 99
1 15 43
1 16 5
1 17 88
1 18 68
2 3 86
2 4 97
2 5 38
2 6 27
2 7 40
2 8 41
2 9 15
2 10 23
2 11 98
2 12 79
2 13 24
2 14 55
2 15 91
2 16 60
2 17 89
2 18 14
3 4 76
3 5 44
3 6 81
3 7 50
3 8 9
3 9 77
3 10 89
3 11 13
3 12 1
3 13 39
3 14 3
3 15 72
3 16 79
3 17 63
3 18 38
4 5 23
4 6 84
4 7 43
4 8 24
4 9 50
4 10 26
4 11 92
4 12 93
4 13 84
4 14 97
4 15 21
4 16 56
4 17 49
4 18 22
5 6 69
5 7 88
5 8 17
5 9 54
5 10 88
5 11 5
5 12 34
5 13 32
5 14 30
5 15 91
5 16 35
5 17 77
5 18 59
6 7 78
6 8 79
6 9 12
6 10 52
6 11 49
6 12 91
6 13 87
6 14 9
6 15 90
6 16 84
6 17 10
6 18 84
7 8 65
7 9 87
7 10 65
7 11 33
7 12 19
7 13 60
7 14 40
7 15 25
7 16 86
7 17 22
7 18 15
8 9 77
8 10 4
8 11 9
8 12 25
8 13 89
8 14 27
8 15 12
8 16 20
8 17 19
8 18 7
9 10 64
9 11 4
9 12 51
9 13 77
9 14 52
9 15 88
9 16 49
9 17 14
9 18 8
10 11 83
10 12 80
10 13 26
10 14 27
10 15 54
10 16 70
10 17 92
10 18 5
11 12 92
11 13 19
11 14 90
11 15 56
11 16 74
11 17 9
11 18 26
12 13 17
12 14 19
12 15 41
12 16 76
12 17 16
12 18 62
13 14 78
13 15 61
13 16 60
13 17 56
13 18 97
14 15 92
14 16 41
14 17 3
14 18 80
15 16 46
15 17 94
15 18 67
16 17 29
16 18 97
17 18 66
0
Введите начальное состояние для18вершин, перечисляя целые значения вершин без запятых через пробел
44 ыыыы 82 13 87 16 85 95 14 82 57 75 42 49 71 9 57 51 51
Ошибка ввода, введите начальное состояние для18вершин заново
44 82 13 87 16 85 95 14 82 57 75 42 49 71 9 57 51 51
Введите количество итераций:
5


Запуск модели DeGroot
Состояния все вершин и их среднее на каждой итерации:
Начальное состояние
44 82 13 87 16 85 95 14 82 57 75 42 49 71 9 57 51 51 
среднее значение: 54.44

Итерация 1
56.6 50.28 61.69 58.21 55.93 47.45 53.15 67.69 46.24 52.24 60.74 64.62 56.45 56.22 57.79 58.56 46.8 51.02 
среднее значение: 55.65

Итерация 2
53.92 57.3 53.05 55.67 53.95 57.77 55.4 53.07 57.75 55.74 55.86 54.35 55.06 55.95 53.87 55.1 55.64 55.91 
среднее значение: 55.3

Итерация 3
55.62 54.89 55.84 55.51 55.4 54.78 55.43 56.01 54.69 55.15 55.51 55.92 55.42 55.29 55.67 55.52 55.01 55.16 
среднее значение: 55.38

Итерация 4
55.26 55.51 55.22 55.36 55.32 55.53 55.33 55.21 55.54 55.41 55.38 55.25 55.35 55.41 55.25 55.34 55.4 55.41 
среднее значение: 55.36

Итерация 5
55.39 55.33 55.4 55.37 55.36 55.32 55.37 55.41 55.32 55.35 55.37 55.4 55.37 55.35 55.39 55.37 55.34 55.35 
среднее значение: 55.36

---------------------------------------------

Тест 3
Если хотите ввести свои данные, напишите "1", иначе будет запущен базовый пример
1
Введите "1", если вводите ориентированный граф, а иначе что-то другое
2
Вводите информацию о ребрах как 3 целых числа без пробелов:  вершина1 вершина2 вес ребра
Когда закончите вводить ребра, напишите 0
1 2 21
1 3 51
1 4 86
1 5 59
1 6 76
2 3 60
2 4 37
2 5 36
2 6 45
3 4 91
3 5 57
3 6 39
4 5 62
уцлзщщщщщщщщвл
Ошибка ввода, введите строку заново
4 6 13
5 6 8
0
Введите начальное состояние для6вершин, перечисляя целые значения вершин без запятых через пробел
86 66 58 29 95 48
Введите количество итераций:
ляляляля
Ошибка ввода, введите одно целое числовввввввввввввв
Ошибка ввода, введите одно целое число5


Запуск модели DeGroot
Состояния все вершин и их среднее на каждой итерации:
Начальное состояние
86 66 58 29 95 48 
среднее значение: 63.67

Итерация 1
54.92 59.99 61.32 74.84 58.28 71.3 
среднее значение: 63.44

Итерация 2
67.17 64.86 64.81 59.04 63.54 59.14 
среднее значение: 63.09

Итерация 3
61.39 62.47 62.48 64.99 63.63 65.34 
среднее значение: 63.39

Итерация 4
64.19 63.69 63.65 62.53 62.99 62.25 
среднее значение: 63.22

Итерация 5
62.83 63.07 63.1 63.61 63.44 63.78 
среднее значение: 63.3

---------------------------------------------

Тест 4
Если хотите ввести свои данные, напишите "1", иначе будет запущен базовый пример
1
Введите "1", если вводите ориентированный граф, а иначе что-то другое
2
Вводите информацию о ребрах как 3 целых числа без пробелов:  вершина1 вершина2 вес ребра
Когда закончите вводить ребра, напишите 0
1 2 78
1 3 16всвсвмвм
Ошибка ввода, введите строку заново
увлтсвадлмьваждм
Ошибка ввода, введите строку заново
1 4 90
1 5 42
1 6 11
1 7 73
1 8 26
1 9 35
1 10 29
1 11 37
1 12 45
1 13 45
1 14 41
2 3 45
2 4 23
2 5 99
2 6 99
2 7 2
2 8 17
2 9 51
2 10 42
2 11 73
2 12 89
2 13 57
2 14 28
3 4 9
3 5 35
3 6 14
3 7 59
3 8 34
3 9 54555
3 10 35
3 11 90
3 12 35
3 13 19
3 14 14
4 5 25
4 6 8
4 7 73
4 8 57
4 9 72
4 10 42
4 11 30
4 12 40
4 13 64
4 14 67
5 6 36
5 7 73
5 8 8
5 9 61
5 10 62
5 11 86
5 12 8
5 13 9
5 14 47
6 7 56
6 8 3
6 9 57
6 10 91
6 11 54
6 12 52
6 13 2
6 14 32
7 8 51
7 9 69
7 10 33
7 11 78
7 12 56
7 13 23
7 14 98
8 9 75
8 10 8
8 11 32
8 12 87
8 13 9
8 14 51
9 10 75
9 11 40
9 12 65
9 13 2
9 14 38
10 11 82
10 12 88
10 13 15
10 14 6
11 12 6
11 13 80
11 14 98
12 13 91
12 14 31
13 14 62
0
Введите начальное состояние для14вершин, перечисляя целые значения вершин без запятых через пробел
30 30 23 33 91 43 61 53 7 92 11 95 60 90
Введите количество итераций:
10


Запуск модели DeGroot
Состояния все вершин и их среднее на каждой итерации:
Начальное состояние
30 30 23 33 91 43 61 53 7 92 11 95 60 90 
среднее значение: 51.36

Итерация 1
53.3 53.83 7.33 53.43 42.12 54.45 50.63 50.06 23.43 45.3 57.22 49.07 52.08 44.86 
среднее значение: 45.51

Итерация 2
48.94 45.65 23.62 46.24 46.27 45.8 44.25 42.91 7.82 45.66 42.98 46.07 49.54 49.15 
среднее значение: 41.78

Итерация 3
43.52 42.15 8.09 41.57 40.46 40.82 40.99 38.3 23.88 39.72 42.04 41.44 44.99 42.68 
среднее значение: 37.9

Итерация 4
40.49 38.26 24.0 39.2 37.85 38.49 37.29 36.4 8.47 37.43 36.91 38.16 40.45 39.77 
среднее значение: 35.23

Итерация 5
36.43 35.42 8.68 34.77 34.28 34.3 34.61 32.54 24.16 33.72 35.37 34.88 37.74 36.0 
среднее значение: 32.35

Итерация 6
34.34 32.63 24.24 33.54 32.4 32.96 31.92 31.42 8.98 32.11 31.53 32.63 34.11 33.77 
среднее значение: 30.47

Итерация 7
31.22 30.6 9.14 29.91 29.67 29.6 30.01 28.33 24.33 29.25 30.7 30.13 32.37 30.94 
среднее значение: 28.3

Итерация 8
29.88 28.52 24.38 29.39 28.45 28.93 28.0 27.81 9.38 28.26 27.58 28.59 29.52 29.44 
среднее значение: 27.01

Итерация 9
27.43 27.09 9.51 26.39 26.31 26.19 26.66 25.27 24.42 25.98 27.3 26.68 28.45 27.25 
среднее значение: 25.35

Итерация 10
26.63 25.52 24.44 26.36 25.58 26.0 25.15 25.18 9.71 25.46 24.71 25.64 26.19 26.28 
среднее значение: 24.49

---------------------------------------------

Тест 5
Если хотите ввести свои данные, напишите "1", иначе будет запущен базовый пример
1
Введите "1", если вводите ориентированный граф, а иначе что-то другое
2
Вводите информацию о ребрах как 3 целых числа без пробелов:  вершина1 вершина2 вес ребра
Когда закончите вводить ребра, напишите 0
1 2 12
1 3 98
1 4 13
1 5 93
1 6 83
1 7 18
1 8 19
1 9 61
1 10 71
1 11 60
2 3 40
2 4 73
2 5 75
2 6 52
2 7 15
2 8 52
2 9 1
2 10 55
2 11 16
3 4 24
3 5 16
3 6 70
3 7 54
3 8 29
3 9 64
3 10 40
3 11 12
4 5 88
4 6 80
4 7 51
4 8 27
4 9 28
4 10 37
4 11 17
5 6 23
5 7 92
5 8 95
5 9 52
5 10 68
5 11 38
6 7 46
6 8 94
6 9 55
6 10 34
6 11 39
7 8 51
7 9 81
7 10 65
7 11 73
8 9 21
8 10 86
8 11 17
9 10 74
9 11 94
10 11 47
0
Введите начальное состояние для11вершин, перечисляя целые значения вершин без запятых через пробел
32 88 10 98 42 34 56 34 69 59 72
Введите количество итераций:
10


Запуск модели DeGroot
Состояния все вершин и их среднее на каждой итерации:
Начальное состояние
32 88 10 98 42 34 56 34 69 59 72 
среднее значение: 54.0

Итерация 1
46.23 50.97 53.04 51.62 59.16 54.03 53.62 52.77 48.7 52.35 53.17 
среднее значение: 52.33

Итерация 2
53.62 53.75 51.03 53.62 51.27 51.48 53.01 53.61 52.89 52.17 51.59 
среднее значение: 52.55

Итерация 3
51.86 52.31 52.85 52.32 53.07 52.88 52.24 52.2 52.2 52.72 52.69 
среднее значение: 52.49

Итерация 4
52.71 52.63 52.34 52.61 52.31 52.36 52.6 52.65 52.57 52.41 52.39 
среднее значение: 52.51

Итерация 5
52.41 52.46 52.56 52.47 52.58 52.56 52.46 52.45 52.47 52.54 52.53 
среднее значение: 52.5

Итерация 6
52.53 52.52 52.48 52.52 52.47 52.48 52.52 52.52 52.51 52.49 52.49 
среднее значение: 52.5

Итерация 7
52.49 52.49 52.51 52.5 52.51 52.51 52.49 52.49 52.5 52.51 52.51 
среднее значение: 52.5

Итерация 8
52.51 52.5 52.5 52.5 52.5 52.5 52.5 52.5 52.5 52.5 52.5 
среднее значение: 52.5

Итерация 9
52.5 52.5 52.5 52.5 52.5 52.5 52.5 52.5 52.5 52.5 52.5 
среднее значение: 52.5

Итерация 10
52.5 52.5 52.5 52.5 52.5 52.5 52.5 52.5 52.5 52.5 52.5 
среднее значение: 52.5

---------------------------------------------

Тест 6
Если хотите ввести свои данные, напишите "1", иначе будет запущен базовый пример
1
Введите "1", если вводите ориентированный граф, а иначе что-то другое
2
Вводите информацию о ребрах как 3 целых числа без пробелов:  вершина1 вершина2 вес ребра
Когда закончите вводить ребра, напишите 0
1 2 75
1 3 34
1 4 85
1 5 82
1 6 56
1 7 80
1 8 39
1 9 4
1 10 98
1 11 4
1 12 55
1 13 53
1 14 7
1 15 87
1 16 1
1 17 99
1 18 84
1 19 68
2 3 70
2 4 15
2 5 35
2 6 62
2 7 20
2 8 88
2 9 96
2 10 64
2 11 48
2 12 3
2 13 14
2 14 50
2 15 2
2 16 20
2 17 79
2 18 17
2 19 20
3 4 37
3 5 56
3 6 92
3 7 41
3 8 93
3 9 4
3 10 43
3 11 34
3 12 50
3 13 71
3 14 95
3 15 25
3 16 34
3 17 25
3 18 78
3 19 36
4 5 30
4 6 12
4 7 71
4 8 77
4 9 48
4 10 95
4 11 76
4 12 1
4 13 24
4 14 70
4 15 43
4 16 23
4 17 13
4 18 79
4 19 99
5 6 62
5 7 2
5 8 35
5 9 24
5 10 20
5 11 2
5 12 24
5 13 67
5 14 4
5 15 35
5 16 32
5 17 87
5 18 28
5 19 5
6 7 36
6 8 5
6 9 82
6 10 24
6 11 40
6 12 78
6 13 7
6 14 15
6 15 14
6 16 79
6 17 78
6 18 85
6 19 92
7 8 8
7 9 40
7 10 66
7 11 87
7 12 52
7 13 66
7 14 93
7 15 65
7 16 8
7 17 92
7 18 16
7 19 81
8 9 90
8 10 77
8 11 7
8 12 31
8 13 87
8 14 91
8 15 64
8 16 11
8 17 28
8 18 93
8 19 45
9 10 93
9 11 97
9 12 73
9 13 78
9 14 58
9 15 51
9 16 51
9 17 35
9 18 90
9 19 22
10 11 12
10 12 73
10 13 94
10 14 1
10 15 66
10 16 6
10 17 17
10 18 24
10 19 10
11 12 90
11 13 24
11 14 61
11 15 86
11 16 24
11 17 81
11 18 64
11 19 25
12 13 92
12 14 29
12 15 79
12 16 52
12 17 13
12 18 63
12 19 87
13 14 91
13 15 7
13 16 81
13 17 58
13 18 5
13 19 76
14 15 28
14 16 52
14 17 67
14 18 82
14 19 70
15 16 31
15 17 53
15 18 12
15 19 27
16 17 83
16 18 2
16 19 8
17 18 93
17 19 35
18 19 9
0
Введите начальное состояние для19вершин, перечисляя целые значения вершин без запятых через пробел
89 25 48 99 48 56 66 50 85 71 63 80 97 17 86 98 57 28 10
Введите количество итераций:
10


Запуск модели DeGroot
Состояния все вершин и их среднее на каждой итерации:
Начальное состояние
89 25 48 99 48 56 66 50 85 71 63 80 97 17 86 98 57 28 10 
среднее значение: 61.74

Итерация 1
59.04 61.54 55.69 55.09 68.57 57.45 62.46 59.34 59.66 72.41 64.05 63.19 59.93 61.61 66.82 63.95 59.87 62.99 68.83 
среднее значение: 62.24

Итерация 2
63.1 61.34 62.19 63.58 60.35 62.58 62.21 62.03 62.71 60.51 61.46 63.0 62.95 61.1 62.35 60.89 62.47 60.26 60.18 
среднее значение: 61.85

Итерация 3
61.77 61.96 61.73 61.5 62.3 61.64 62.01 61.82 61.73 62.46 62.15 61.73 61.71 61.96 62.01 62.26 61.68 62.27 62.46 
среднее значение: 61.96

Итерация 4
61.98 61.91 61.96 62.07 61.82 62.0 61.93 61.95 61.98 61.82 61.87 62.01 61.99 61.92 61.95 61.81 62.0 61.82 61.8 
среднее значение: 61.93

Итерация 5
61.92 61.94 61.92 61.9 61.96 61.91 61.94 61.93 61.92 61.97 61.95 61.91 61.92 61.93 61.93 61.97 61.91 61.96 61.97 
среднее значение: 61.93

Итерация 6
61.93 61.93 61.93 61.94 61.92 61.94 61.93 61.93 61.94 61.92 61.93 61.94 61.94 61.93 61.93 61.92 61.94 61.92 61.92 
среднее значение: 61.93

Итерация 7
61.93 61.93 61.93 61.93 61.93 61.93 61.93 61.93 61.93 61.94 61.93 61.93 61.93 61.93 61.93 61.94 61.93 61.94 61.94 
среднее значение: 61.93

Итерация 8
61.93 61.93 61.93 61.93 61.93 61.93 61.93 61.93 61.93 61.93 61.93 61.93 61.93 61.93 61.93 61.93 61.93 61.93 61.93 
среднее значение: 61.93

Итерация 9
61.93 61.93 61.93 61.93 61.93 61.93 61.93 61.93 61.93 61.93 61.93 61.93 61.93 61.93 61.93 61.93 61.93 61.93 61.93 
среднее значение: 61.93

Итерация 10
61.93 61.93 61.93 61.93 61.93 61.93 61.93 61.93 61.93 61.93 61.93 61.93 61.93 61.93 61.93 61.93 61.93 61.93 61.93 
среднее значение: 61.93

---------------------------------------------

Тест 7
Если хотите ввести свои данные, напишите "1", иначе будет запущен базовый пример
1
Введите "1", если вводите ориентированный граф, а иначе что-то другое
2
Вводите информацию о ребрах как 3 целых числа без пробелов:  вершина1 вершина2 вес ребра
Когда закончите вводить ребра, напишите 0
1 2 70
1 3 18
1 4 91
2 3 18
2 4 53
3 4 34
0
Введите начальное состояние для4вершин, перечисляя целые значения вершин без запятых через пробел
29 62 49 20
Введите количество итераций:
10


Запуск модели DeGroot
Состояния все вершин и их среднее на каждой итерации:
Начальное состояние
29 62 49 20 
среднее значение: 40.0

Итерация 1
39.34 28.17 33.11 42.65 
среднее значение: 35.82

Итерация 2
36.03 39.79 38.07 34.83 
среднее значение: 37.18

Итерация 3
37.09 35.84 36.41 37.54 
среднее значение: 36.72

Итерация 4
36.76 37.17 36.99 36.59 
среднее значение: 36.88

Итерация 5
36.86 36.72 36.78 36.93 
среднее значение: 36.82

Итерация 6
36.83 36.87 36.86 36.8 
среднее значение: 36.84

Итерация 7
36.84 36.82 36.83 36.85 
среднее значение: 36.83

Итерация 8
36.84 36.84 36.84 36.83 
среднее значение: 36.84

Итерация 9
36.84 36.84 36.83 36.84 
среднее значение: 36.84

Итерация 10
36.84 36.84 36.84 36.84 
среднее значение: 36.84

---------------------------------------------

Тест 8
Если хотите ввести свои данные, напишите "1", иначе будет запущен базовый пример
1
Введите "1", если вводите ориентированный граф, а иначе что-то другое
2
Вводите информацию о ребрах как 3 целых числа без пробелов:  вершина1 вершина2 вес ребра
Когда закончите вводить ребра, напишите 0
1 2 5
1 3 50
1 4 40
1 5 83
1 6 60
1 7 65
1 8 42
2 3 3
2 4 63
2 5 70
2 6 75
2 7 49
2 8 14
3 4 8
3 5 98
3 6 47
3 7 93
3 8 19
4 5 10
4 6 5
4 7 55
4 8 46
5 6 95
5 7 22
5 8 19
6 7 45
6 8 23
7 8 18
0
Введите начальное состояние для8вершин, перечисляя целые значения вершин без запятых через пробел
76 72 53 45 16 40 80 14
Введите количество итераций:
10


Запуск модели DeGroot
Состояния все вершин и их среднее на каждой итерации:
Начальное состояние
76 72 53 45 16 40 80 14 
среднее значение: 49.5

Итерация 1
41.52 41.61 48.84 59.05 57.48 51.77 52.67 54.92 
среднее значение: 50.98

Итерация 2
53.97 54.94 52.46 48.15 47.5 49.42 49.31 50.84 
среднее значение: 50.82

Итерация 3
49.48 48.82 49.61 52.04 52.12 51.33 51.62 50.69 
среднее значение: 50.71

Итерация 4
51.29 51.65 51.32 50.22 50.08 50.46 50.3 50.82 
среднее значение: 50.77

Итерация 5
50.5 50.32 50.45 50.99 51.06 50.87 50.97 50.72 
среднее значение: 50.74

Итерация 6
50.86 50.94 50.89 50.64 50.59 50.69 50.63 50.76 
среднее значение: 50.75

Итерация 7
50.69 50.65 50.68 50.79 50.82 50.77 50.8 50.74 
среднее значение: 50.74

Итерация 8
50.77 50.79 50.78 50.72 50.71 50.73 50.72 50.75 
среднее значение: 50.75

Итерация 9
50.73 50.73 50.73 50.76 50.76 50.75 50.76 50.75 
среднее значение: 50.75

Итерация 10
50.75 50.76 50.75 50.74 50.74 50.74 50.74 50.75 
среднее значение: 50.75

---------------------------------------------

Тест 9
Если хотите ввести свои данные, напишите "1", иначе будет запущен базовый пример
1
Введите "1", если вводите ориентированный граф, а иначе что-то другое
2
Вводите информацию о ребрах как 3 целых числа без пробелов:  вершина1 вершина2 вес ребра
Когда закончите вводить ребра, напишите 0
1 2 7
1 3 84
1 4 71
1 5 95
2 3 5
2 4 89
2 5 3
3 4 32
3 5 52
4 5 25
0
Введите начальное состояние для5вершин, перечисляя целые значения вершин без запятых через пробел
40 78 72 89 9
Введите количество итераций:
10


Запуск модели DeGroot
Состояния все вершин и их среднее на каждой итерации:
Начальное состояние
40 78 72 89 9 
среднее значение: 57.6

Итерация 1
53.57 82.58 40.84 56.73 57.16 
среднее значение: 58.18

Итерация 2
52.4 55.77 56.07 64.0 50.74 
среднее значение: 55.8

Итерация 3
56.28 62.46 54.15 54.13 55.21 
среднее значение: 56.45

Итерация 4
54.76 54.31 55.74 58.38 55.45 
среднее значение: 55.73

Итерация 5
56.32 57.92 55.62 54.8 55.56 
среднее значение: 56.05

Итерация 6
55.44 54.96 55.86 56.79 55.92 
среднее значение: 55.79

Итерация 7
56.11 56.63 55.82 55.36 55.75 
среднее значение: 55.93

Итерация 8
55.69 55.44 55.88 56.24 55.93 
среднее значение: 55.84

Итерация 9
55.98 56.18 55.85 55.64 55.82 
среднее значение: 55.9

Итерация 10
55.79 55.68 55.88 56.02 55.9 
среднее значение: 55.86

---------------------------------------------

